
r		x		y
1683051919	1		0
1659235536	0		1
23816383	1		-1
15905109	-69		70
7911274		70		-71
82561		-209		212
67979		19925		-20211
14582		-20134		20423
9651		100461		-101903
4931		-120595		122326
4720		221056		-224229
211		-341651		346555
78		7737378		-7848439
55		-15816407	16043433
23		23553785	-23891872
9		-62923977	63827177
5		149401739	-151546226
4		-212325716	215373403
1		361727455	-366919629
0		-1659235536	1683051919
	
Vector q: ( 1 69 1 2 95 1 4 1 1 1 22 2 1 2 2 1 1 )

1 = 1683051919*(361727455) + 1659235536*(-366919629)
Answer = 361727455
BB=1
Answer = 361727455
